t	y(t)
-4.000000	0.000000
-3.985986	0.000000
-3.971972	0.000000
-3.957958	0.000000
-3.943944	0.000000
-3.929930	0.000000
-3.915916	0.000000
-3.901902	0.000000
-3.887888	0.000000
-3.873874	0.000000
-3.859860	0.000000
-3.845846	0.000000
-3.831832	0.000000
-3.817818	0.000000
-3.803804	0.000000
-3.789790	0.000000
-3.775776	0.000000
-3.761762	0.000000
-3.747748	0.000000
-3.733734	0.000000
-3.719720	0.000000
-3.705706	0.000000
-3.691692	0.000000
-3.677678	0.000000
-3.663664	0.000000
-3.649650	0.000000
-3.635636	0.000000
-3.621622	0.000000
-3.607608	0.000000
-3.593594	0.000000
-3.579580	0.000000
-3.565566	0.000000
-3.551552	0.000000
-3.537538	0.000000
-3.523524	0.000000
-3.509510	0.000000
-3.495495	0.000000
-3.481481	0.000000
-3.467467	0.000000
-3.453453	0.000000
-3.439439	0.000000
-3.425425	0.000000
-3.411411	0.000000
-3.397397	0.000000
-3.383383	0.000000
-3.369369	0.000000
-3.355355	0.000000
-3.341341	0.000000
-3.327327	0.000000
-3.313313	0.000000
-3.299299	0.000000
-3.285285	0.000000
-3.271271	0.000000
-3.257257	0.000000
-3.243243	0.000000
-3.229229	0.000000
-3.215215	0.000000
-3.201201	0.000000
-3.187187	0.000000
-3.173173	0.000000
-3.159159	0.000000
-3.145145	0.000000
-3.131131	0.000000
-3.117117	0.000000
-3.103103	0.000000
-3.089089	0.000000
-3.075075	0.000000
-3.061061	0.000000
-3.047047	0.000000
-3.033033	0.000000
-3.019019	0.000000
-3.005005	0.000000
-2.990991	-2628.671555
-2.976977	-2520.434027
-2.962963	-2416.652695
-2.948949	-2317.144096
-2.934935	-2221.732319
-2.920921	-2130.248695
-2.906907	-2042.531501
-2.892893	-1958.425670
-2.878879	-1877.782521
-2.864865	-1800.459493
-2.850851	-1726.319895
-2.836837	-1655.232664
-2.822823	-1587.072132
-2.808809	-1521.717806
-2.794795	-1459.054151
-2.780781	-1398.970393
-2.766767	-1341.360315
-2.752753	-1286.122075
-2.738739	-1233.158022
-2.724725	-1182.374527
-2.710711	-1133.681816
-2.696697	-1086.993810
-2.682683	-1042.227973
-2.668669	-999.305170
-2.654655	-958.149522
-2.640641	-918.688273
-2.626627	-880.851665
-2.612613	-844.572811
-2.598599	-809.787576
-2.584585	-776.434468
-2.570571	-744.454524
-2.556557	-713.791212
-2.542543	-684.390325
-2.528529	-656.199888
-2.514515	-629.170067
-2.500501	-603.253077
-2.486486	-578.403104
-2.472472	-554.576217
-2.458458	-531.730296
-2.444444	-509.824954
-2.430430	-488.821466
-2.416416	-468.682703
-2.402402	-449.373064
-2.388388	-430.858412
-2.374374	-413.106019
-2.360360	-396.084501
-2.346346	-379.763768
-2.332332	-364.114969
-2.318318	-349.110438
-2.304304	-334.723652
-2.290290	-320.929178
-2.276276	-307.702630
-2.262262	-295.020626
-2.248248	-282.860746
-2.234234	-271.201495
-2.220220	-260.022262
-2.206206	-249.303284
-2.192192	-239.025612
-2.178178	-229.171077
-2.164164	-219.722258
-2.150150	-210.662453
-2.136136	-201.975644
-2.122122	-193.646476
-2.108108	-185.660224
-2.094094	-178.002770
-2.080080	-170.660578
-2.066066	-163.620668
-2.052052	-156.870595
-2.038038	-150.398425
-2.024024	-144.192719
-2.010010	-138.242505
-1.995996	-132.537264
-1.981982	-127.066911
-1.967968	-121.821775
-1.953954	-116.792584
-1.939940	-111.970448
-1.925926	-107.346841
-1.911912	-102.913591
-1.897898	-98.662861
-1.883884	-94.587135
-1.869870	-90.679209
-1.855856	-86.932174
-1.841842	-83.339407
-1.827828	-79.894555
-1.813814	-76.591531
-1.799800	-73.424493
-1.785786	-70.387844
-1.771772	-67.476216
-1.757758	-64.684461
-1.743744	-62.007643
-1.729730	-59.441032
-1.715716	-56.980090
-1.701702	-54.620466
-1.687688	-52.357989
-1.673674	-50.188659
-1.659660	-48.108642
-1.645646	-46.114260
-1.631632	-44.201988
-1.617618	-42.368445
-1.603604	-40.610390
-1.589590	-38.924715
-1.575576	-37.308440
-1.561562	-35.758709
-1.547548	-34.272780
-1.533534	-32.848028
-1.519520	-31.481934
-1.505506	-30.172082
-1.491491	-28.916158
-1.477477	-27.711941
-1.463463	-26.557302
-1.449449	-25.450200
-1.435435	-24.388679
-1.421421	-23.370860
-1.407407	-22.394946
-1.393393	-21.459211
-1.379379	-20.562000
-1.365365	-19.701728
-1.351351	-18.876874
-1.337337	-18.085979
-1.323323	-17.327647
-1.309309	-16.600535
-1.295295	-15.903358
-1.281281	-15.234885
-1.267267	-14.593933
-1.253253	-13.979370
-1.239239	-13.390108
-1.225225	-12.825107
-1.211211	-12.283367
-1.197197	-11.763931
-1.183183	-11.265880
-1.169169	-10.788334
-1.155155	-10.330449
-1.141141	-9.891415
-1.127127	-9.470457
-1.113113	-9.066830
-1.099099	-8.679820
-1.085085	-8.308744
-1.071071	-7.952945
-1.057057	-7.611794
-1.043043	-7.284689
-1.029029	-6.971051
-1.015015	-6.670326
-1.001001	-6.381982
-0.986987	-6.105508
-0.972973	-5.840418
-0.958959	-5.586241
-0.944945	-5.342529
-0.930931	-5.108851
-0.916917	-4.884793
-0.902903	-4.669960
-0.888889	-4.463972
-0.874875	-4.266464
-0.860861	-4.077088
-0.846847	-3.895509
-0.832833	-3.721405
-0.818819	-3.554469
-0.804805	-3.394407
-0.790791	-3.240934
-0.776777	-3.093779
-0.762763	-2.952683
-0.748749	-2.817396
-0.734735	-2.687679
-0.720721	-2.563302
-0.706707	-2.444046
-0.692693	-2.329700
-0.678679	-2.220061
-0.664665	-2.114937
-0.650651	-2.014140
-0.636637	-1.917493
-0.622623	-1.824826
-0.608609	-1.735973
-0.594595	-1.650779
-0.580581	-1.569092
-0.566567	-1.490768
-0.552553	-1.415669
-0.538539	-1.343661
-0.524525	-1.274619
-0.510511	-1.208418
-0.496496	-1.144944
-0.482482	-1.084082
-0.468468	-1.025726
-0.454454	-0.969773
-0.440440	-0.916124
-0.426426	-0.864683
-0.412412	-0.815360
-0.398398	-0.768068
-0.384384	-0.722722
-0.370370	-0.679244
-0.356356	-0.637556
-0.342342	-0.597584
-0.328328	-0.559257
-0.314314	-0.522509
-0.300300	-0.487273
-0.286286	-0.453489
-0.272272	-0.421095
-0.258258	-0.390034
-0.244244	-0.360253
-0.230230	-0.331698
-0.216216	-0.304318
-0.202202	-0.278066
-0.188188	-0.252894
-0.174174	-0.228759
-0.160160	-0.205617
-0.146146	-0.183428
-0.132132	-0.162153
-0.118118	-0.141753
-0.104104	-0.122194
-0.090090	-0.103440
-0.076076	-0.085457
-0.062062	-0.068216
-0.048048	-0.051684
-0.034034	-0.035832
-0.020020	-0.020633
-0.006006	-0.006060
0.008008	0.007913
0.022022	0.021310
0.036036	0.034156
0.050050	0.046474
0.064064	0.058284
0.078078	0.069608
0.092092	0.080466
0.106106	0.090876
0.120120	0.100858
0.134134	0.110429
0.148148	0.119607
0.162162	0.128406
0.176176	0.136843
0.190190	0.144932
0.204204	0.152689
0.218218	0.160126
0.232232	0.167257
0.246246	0.174095
0.260260	0.180651
0.274274	0.186937
0.288288	0.192964
0.302302	0.198743
0.316316	0.204284
0.330330	0.209597
0.344344	0.214691
0.358358	0.219576
0.372372	0.224259
0.386386	0.228750
0.400400	0.233056
0.414414	0.237184
0.428428	0.241143
0.442442	0.244938
0.456456	0.248578
0.470470	0.252067
0.484484	0.255413
0.498498	0.258621
0.512513	0.261697
0.526527	0.264646
0.540541	0.267474
0.554555	0.270185
0.568569	0.272785
0.582583	0.275278
0.596597	0.277668
0.610611	0.279960
0.624625	0.282157
0.638639	0.284264
0.652653	0.286285
0.666667	0.288222
0.680681	0.290079
0.694695	0.291860
0.708709	0.293567
0.722723	0.295204
0.736737	0.296774
0.750751	0.298279
0.764765	0.299722
0.778779	0.301106
0.792793	0.302433
0.806807	0.303705
0.820821	0.304925
0.834835	0.306095
0.848849	0.307216
0.862863	0.308291
0.876877	0.309322
0.890891	0.310311
0.904905	0.311259
0.918919	0.312168
0.932933	0.313039
0.946947	0.313874
0.960961	0.314676
0.974975	0.315444
0.988989	0.316180
1.003003	0.316886
1.017017	0.317564
1.031031	0.318213
1.045045	0.318835
1.059059	0.319432
1.073073	0.320005
1.087087	0.320553
1.101101	0.321079
1.115115	0.321584
1.129129	0.322068
1.143143	0.322532
1.157157	0.322976
1.171171	0.323403
1.185185	0.323811
1.199199	0.324204
1.213213	0.324579
1.227227	0.324940
1.241241	0.325285
1.255255	0.325617
1.269269	0.325934
1.283283	0.326239
1.297297	0.326531
1.311311	0.326811
1.325325	0.327080
1.339339	0.327337
1.353353	0.327584
1.367367	0.327821
1.381381	0.328048
1.395395	0.328265
1.409409	0.328474
1.423423	0.328674
1.437437	0.328866
1.451451	0.329050
1.465465	0.329226
1.479479	0.329395
1.493493	0.329557
1.507508	0.329713
1.521522	0.329862
1.535536	0.330005
1.549550	0.330142
1.563564	0.330273
1.577578	0.330399
1.591592	0.330520
1.605606	0.330636
1.619620	0.330747
1.633634	0.330853
1.647648	0.330955
1.661662	0.331053
1.675676	0.331147
1.689690	0.331237
1.703704	0.331324
1.717718	0.331406
1.731732	0.331486
1.745746	0.331562
1.759760	0.331635
1.773774	0.331705
1.787788	0.331772
1.801802	0.331836
1.815816	0.331898
1.829830	0.331957
1.843844	0.332013
1.857858	0.332068
1.871872	0.332120
1.885886	0.332170
1.899900	0.332218
1.913914	0.332264
1.927928	0.332308
1.941942	0.332350
1.955956	0.332390
1.969970	0.332429
1.983984	0.332466
1.997998	0.332502
2.012012	0.332536
2.026026	0.332569
2.040040	0.332601
2.054054	0.332631
2.068068	0.332660
2.082082	0.332687
2.096096	0.332714
2.110110	0.332740
2.124124	0.332764
2.138138	0.332787
2.152152	0.332810
2.166166	0.332831
2.180180	0.332852
2.194194	0.332872
2.208208	0.332891
2.222222	0.332909
2.236236	0.332927
2.250250	0.332943
2.264264	0.332959
2.278278	0.332975
2.292292	0.332990
2.306306	0.333004
2.320320	0.333017
2.334334	0.333030
2.348348	0.333043
2.362362	0.333055
2.376376	0.333066
2.390390	0.333077
2.404404	0.333088
2.418418	0.333098
2.432432	0.333108
2.446446	0.333117
2.460460	0.333126
2.474474	0.333134
2.488488	0.333142
2.502503	0.333150
2.516517	0.333158
2.530531	0.333165
2.544545	0.333172
2.558559	0.333179
2.572573	0.333185
2.586587	0.333191
2.600601	0.333197
2.614615	0.333203
2.628629	0.333208
2.642643	0.333213
2.656657	0.333218
2.670671	0.333223
2.684685	0.333227
2.698699	0.333232
2.712713	0.333236
2.726727	0.333240
2.740741	0.333244
2.754755	0.333247
2.768769	0.333251
2.782783	0.333254
2.796797	0.333258
2.810811	0.333261
2.824825	0.333264
2.838839	0.333267
2.852853	0.333269
2.866867	0.333272
2.880881	0.333275
2.894895	0.333277
2.908909	0.333279
2.922923	0.333281
2.936937	0.333284
2.950951	0.333286
2.964965	0.333288
2.978979	0.333290
2.992993	0.333291
3.007007	0.333293
3.021021	0.333295
3.035035	0.333296
3.049049	0.333298
3.063063	0.333299
3.077077	0.333301
3.091091	0.333302
3.105105	0.333303
3.119119	0.333305
3.133133	0.333306
3.147147	0.333307
3.161161	0.333308
3.175175	0.333309
3.189189	0.333310
3.203203	0.333311
3.217217	0.333312
3.231231	0.333313
3.245245	0.333314
3.259259	0.333314
3.273273	0.333315
3.287287	0.333316
3.301301	0.333317
3.315315	0.333317
3.329329	0.333318
3.343343	0.333319
3.357357	0.333319
3.371371	0.333320
3.385385	0.333320
3.399399	0.333321
3.413413	0.333321
3.427427	0.333322
3.441441	0.333322
3.455455	0.333323
3.469469	0.333323
3.483483	0.333324
3.497497	0.333324
3.511512	0.333324
3.525526	0.333325
3.539540	0.333325
3.553554	0.333326
3.567568	0.333326
3.581582	0.333326
3.595596	0.333326
3.609610	0.333327
3.623624	0.333327
3.637638	0.333327
3.651652	0.333328
3.665666	0.333328
3.679680	0.333328
3.693694	0.333328
3.707708	0.333328
3.721722	0.333329
3.735736	0.333329
3.749750	0.333329
3.763764	0.333329
3.777778	0.333329
3.791792	0.333330
3.805806	0.333330
3.819820	0.333330
3.833834	0.333330
3.847848	0.333330
3.861862	0.333330
3.875876	0.333330
3.889890	0.333330
3.903904	0.333331
3.917918	0.333331
3.931932	0.333331
3.945946	0.333331
3.959960	0.333331
3.973974	0.333331
3.987988	0.333331
4.002002	0.333331
4.016016	0.333331
4.030030	0.333331
4.044044	0.333332
4.058058	0.333332
4.072072	0.333332
4.086086	0.333332
4.100100	0.333332
4.114114	0.333332
4.128128	0.333332
4.142142	0.333332
4.156156	0.333332
4.170170	0.333332
4.184184	0.333332
4.198198	0.333332
4.212212	0.333332
4.226226	0.333332
4.240240	0.333332
4.254254	0.333332
4.268268	0.333332
4.282282	0.333332
4.296296	0.333332
4.310310	0.333333
4.324324	0.333333
4.338338	0.333333
4.352352	0.333333
4.366366	0.333333
4.380380	0.333333
4.394394	0.333333
4.408408	0.333333
4.422422	0.333333
4.436436	0.333333
4.450450	0.333333
4.464464	0.333333
4.478478	0.333333
4.492492	0.333333
4.506507	0.333333
4.520521	0.333333
4.534535	0.333333
4.548549	0.333333
4.562563	0.333333
4.576577	0.333333
4.590591	0.333333
4.604605	0.333333
4.618619	0.333333
4.632633	0.333333
4.646647	0.333333
4.660661	0.333333
4.674675	0.333333
4.688689	0.333333
4.702703	0.333333
4.716717	0.333333
4.730731	0.333333
4.744745	0.333333
4.758759	0.333333
4.772773	0.333333
4.786787	0.333333
4.800801	0.333333
4.814815	0.333333
4.828829	0.333333
4.842843	0.333333
4.856857	0.333333
4.870871	0.333333
4.884885	0.333333
4.898899	0.333333
4.912913	0.333333
4.926927	0.333333
4.940941	0.333333
4.954955	0.333333
4.968969	0.333333
4.982983	0.333333
4.996997	0.333333
5.011011	0.333333
5.025025	0.333333
5.039039	0.333333
5.053053	0.333333
5.067067	0.333333
5.081081	0.333333
5.095095	0.333333
5.109109	0.333333
5.123123	0.333333
5.137137	0.333333
5.151151	0.333333
5.165165	0.333333
5.179179	0.333333
5.193193	0.333333
5.207207	0.333333
5.221221	0.333333
5.235235	0.333333
5.249249	0.333333
5.263263	0.333333
5.277277	0.333333
5.291291	0.333333
5.305305	0.333333
5.319319	0.333333
5.333333	0.333333
5.347347	0.333333
5.361361	0.333333
5.375375	0.333333
5.389389	0.333333
5.403403	0.333333
5.417417	0.333333
5.431431	0.333333
5.445445	0.333333
5.459459	0.333333
5.473473	0.333333
5.487487	0.333333
5.501502	0.333333
5.515516	0.333333
5.529530	0.333333
5.543544	0.333333
5.557558	0.333333
5.571572	0.333333
5.585586	0.333333
5.599600	0.333333
5.613614	0.333333
5.627628	0.333333
5.641642	0.333333
5.655656	0.333333
5.669670	0.333333
5.683684	0.333333
5.697698	0.333333
5.711712	0.333333
5.725726	0.333333
5.739740	0.333333
5.753754	0.333333
5.767768	0.333333
5.781782	0.333333
5.795796	0.333333
5.809810	0.333333
5.823824	0.333333
5.837838	0.333333
5.851852	0.333333
5.865866	0.333333
5.879880	0.333333
5.893894	0.333333
5.907908	0.333333
5.921922	0.333333
5.935936	0.333333
5.949950	0.333333
5.963964	0.333333
5.977978	0.333333
5.991992	0.333333
6.006006	0.333333
6.020020	0.333333
6.034034	0.333333
6.048048	0.333333
6.062062	0.333333
6.076076	0.333333
6.090090	0.333333
6.104104	0.333333
6.118118	0.333333
6.132132	0.333333
6.146146	0.333333
6.160160	0.333333
6.174174	0.333333
6.188188	0.333333
6.202202	0.333333
6.216216	0.333333
6.230230	0.333333
6.244244	0.333333
6.258258	0.333333
6.272272	0.333333
6.286286	0.333333
6.300300	0.333333
6.314314	0.333333
6.328328	0.333333
6.342342	0.333333
6.356356	0.333333
6.370370	0.333333
6.384384	0.333333
6.398398	0.333333
6.412412	0.333333
6.426426	0.333333
6.440440	0.333333
6.454454	0.333333
6.468468	0.333333
6.482482	0.333333
6.496496	0.333333
6.510511	0.333333
6.524525	0.333333
6.538539	0.333333
6.552553	0.333333
6.566567	0.333333
6.580581	0.333333
6.594595	0.333333
6.608609	0.333333
6.622623	0.333333
6.636637	0.333333
6.650651	0.333333
6.664665	0.333333
6.678679	0.333333
6.692693	0.333333
6.706707	0.333333
6.720721	0.333333
6.734735	0.333333
6.748749	0.333333
6.762763	0.333333
6.776777	0.333333
6.790791	0.333333
6.804805	0.333333
6.818819	0.333333
6.832833	0.333333
6.846847	0.333333
6.860861	0.333333
6.874875	0.333333
6.888889	0.333333
6.902903	0.333333
6.916917	0.333333
6.930931	0.333333
6.944945	0.333333
6.958959	0.333333
6.972973	0.333333
6.986987	0.333333
7.001001	0.333333
7.015015	0.333333
7.029029	0.333333
7.043043	0.333333
7.057057	0.333333
7.071071	0.333333
7.085085	0.333333
7.099099	0.333333
7.113113	0.333333
7.127127	0.333333
7.141141	0.333333
7.155155	0.333333
7.169169	0.333333
7.183183	0.333333
7.197197	0.333333
7.211211	0.333333
7.225225	0.333333
7.239239	0.333333
7.253253	0.333333
7.267267	0.333333
7.281281	0.333333
7.295295	0.333333
7.309309	0.333333
7.323323	0.333333
7.337337	0.333333
7.351351	0.333333
7.365365	0.333333
7.379379	0.333333
7.393393	0.333333
7.407407	0.333333
7.421421	0.333333
7.435435	0.333333
7.449449	0.333333
7.463463	0.333333
7.477477	0.333333
7.491491	0.333333
7.505506	0.333333
7.519520	0.333333
7.533534	0.333333
7.547548	0.333333
7.561562	0.333333
7.575576	0.333333
7.589590	0.333333
7.603604	0.333333
7.617618	0.333333
7.631632	0.333333
7.645646	0.333333
7.659660	0.333333
7.673674	0.333333
7.687688	0.333333
7.701702	0.333333
7.715716	0.333333
7.729730	0.333333
7.743744	0.333333
7.757758	0.333333
7.771772	0.333333
7.785786	0.333333
7.799800	0.333333
7.813814	0.333333
7.827828	0.333333
7.841842	0.333333
7.855856	0.333333
7.869870	0.333333
7.883884	0.333333
7.897898	0.333333
7.911912	0.333333
7.925926	0.333333
7.939940	0.333333
7.953954	0.333333
7.967968	0.333333
7.981982	0.333333
7.995996	0.333333
8.010010	0.333333
8.024024	0.333333
8.038038	0.333333
8.052052	0.333333
8.066066	0.333333
8.080080	0.333333
8.094094	0.333333
8.108108	0.333333
8.122122	0.333333
8.136136	0.333333
8.150150	0.333333
8.164164	0.333333
8.178178	0.333333
8.192192	0.333333
8.206206	0.333333
8.220220	0.333333
8.234234	0.333333
8.248248	0.333333
8.262262	0.333333
8.276276	0.333333
8.290290	0.333333
8.304304	0.333333
8.318318	0.333333
8.332332	0.333333
8.346346	0.333333
8.360360	0.333333
8.374374	0.333333
8.388388	0.333333
8.402402	0.333333
8.416416	0.333333
8.430430	0.333333
8.444444	0.333333
8.458458	0.333333
8.472472	0.333333
8.486486	0.333333
8.500501	0.333333
8.514515	0.333333
8.528529	0.333333
8.542543	0.333333
8.556557	0.333333
8.570571	0.333333
8.584585	0.333333
8.598599	0.333333
8.612613	0.333333
8.626627	0.333333
8.640641	0.333333
8.654655	0.333333
8.668669	0.333333
8.682683	0.333333
8.696697	0.333333
8.710711	0.333333
8.724725	0.333333
8.738739	0.333333
8.752753	0.333333
8.766767	0.333333
8.780781	0.333333
8.794795	0.333333
8.808809	0.333333
8.822823	0.333333
8.836837	0.333333
8.850851	0.333333
8.864865	0.333333
8.878879	0.333333
8.892893	0.333333
8.906907	0.333333
8.920921	0.333333
8.934935	0.333333
8.948949	0.333333
8.962963	0.333333
8.976977	0.333333
8.990991	0.333333
9.005005	0.333333
9.019019	0.333333
9.033033	0.333333
9.047047	0.333333
9.061061	0.333333
9.075075	0.333333
9.089089	0.333333
9.103103	0.333333
9.117117	0.333333
9.131131	0.333333
9.145145	0.333333
9.159159	0.333333
9.173173	0.333333
9.187187	0.333333
9.201201	0.333333
9.215215	0.333333
9.229229	0.333333
9.243243	0.333333
9.257257	0.333333
9.271271	0.333333
9.285285	0.333333
9.299299	0.333333
9.313313	0.333333
9.327327	0.333333
9.341341	0.333333
9.355355	0.333333
9.369369	0.333333
9.383383	0.333333
9.397397	0.333333
9.411411	0.333333
9.425425	0.333333
9.439439	0.333333
9.453453	0.333333
9.467467	0.333333
9.481481	0.333333
9.495495	0.333333
9.509510	0.333333
9.523524	0.333333
9.537538	0.333333
9.551552	0.333333
9.565566	0.333333
9.579580	0.333333
9.593594	0.333333
9.607608	0.333333
9.621622	0.333333
9.635636	0.333333
9.649650	0.333333
9.663664	0.333333
9.677678	0.333333
9.691692	0.333333
9.705706	0.333333
9.719720	0.333333
9.733734	0.333333
9.747748	0.333333
9.761762	0.333333
9.775776	0.333333
9.789790	0.333333
9.803804	0.333333
9.817818	0.333333
9.831832	0.333333
9.845846	0.333333
9.859860	0.333333
9.873874	0.333333
9.887888	0.333333
9.901902	0.333333
9.915916	0.333333
9.929930	0.333333
9.943944	0.333333
9.957958	0.333333
9.971972	0.333333
9.985986	0.333333
10.000000	0.333333
